      1,        -6.8493
      2,         1.4254
      3,         1.3729
      4,         1.3285
      5,         1.2439
      6,         1.1422
      7,         1.0639
      8,         1.0078
      9,         0.9364
     10,         0.8635
     11,         0.8017
     12,         0.7201
     13,         0.6420
     14,         0.5664
     15,         0.5180
     16,         0.4444
     17,         0.2869
     18,         0.1067
     19,        -2.7254
     20,        -8.7103
     21,       -12.9255
     22,       -16.9855
     23,         0.3188
     24,         2.8427
     25,         4.7308
     26,         6.1811
     27,         5.2376
     28,         4.5156
     29,         3.8549
     30,         3.1045
     31,         2.4581
     32,         1.9005
     33,         1.5447
     34,         1.0166
     35,         0.2529
     36,         0.2593
     37,        -9.1905
     38,       -14.2334
     39,         2.4811
     40,         4.4670
     41,         6.0321
     42,         6.5382
     43,         4.8590
     44,         3.2290
     45,         1.5713
     46,         1.5156
     47,         4.5953
     48,         7.3762
     49,         6.5002
     50,         8.9264
     51,        27.8988
     52,        37.9007
     53,        35.9359
     54,        34.5627
     55,        29.4394
     56,        24.4142
     57,        28.6164
     58,        27.7370
     59,        27.5526
     60,        28.3660
     61,        33.9536
     62,        29.1112
     63,        29.4739
     64,        25.8066
     65,        22.7917
     66,        19.3587
     67,        16.7530
     68,        13.7081
     69,        10.2249
     70,         7.1473
     71,        12.0501
     72,        15.1398
     73,        12.3283
     74,        11.9152
     75,        13.3518
     76,        15.9113
     77,        13.3444
     78,        10.4199
     79,         7.9916
     80,         6.3374
     81,         4.1030
     82,         1.9168
     83,        -0.8253
     84,         4.8593
     85,         6.7868
     86,         6.7279
     87,        17.7454
     88,        17.4312
     89,        23.2413
     90,        33.8878
     91,        28.4581
     92,        24.8430
     93,        19.8952
     94,        15.4107
     95,        12.1430
     96,        10.1058
     97,         7.1541
     98,         5.1808
     99,         4.1997
    100,        12.7293
    101,        41.3146
    102,        36.9648
    103,        35.2215
    104,        30.7351
    105,        27.1620
    106,        21.8939
    107,        26.6177
    108,        29.9888
    109,        30.6285
    110,        29.0293
    111,        24.3699
    112,        23.5809
    113,        23.0946
    114,        19.3489
    115,        18.0776
    116,        14.5563
    117,        11.0752
    118,         8.0060
    119,         5.2493
    120,         2.7817
    121,        -1.3873
    122,       -15.0352
    123,       -28.5340
    124,       -38.5221
    125,       -47.5012
    126,       -56.3670
    127,       -64.4673
    128,       -71.2176
    129,       -74.4541
    130,       -78.4617
    131,       -73.8117
    132,       -65.8581
    133,       -58.2917
    134,       -62.0086
    135,       -66.5716
    136,       -70.9416
    137,       -72.7689
    138,       -77.3093
    139,       -82.6514
    140,       -87.9180
    141,       -67.5148
    142,       -68.7960
    143,       -39.3608
    144,       -10.6106
    145,       -23.0161
    146,       -13.5908
    147,       -21.3803
    148,       -14.2651
    149,         0.8102
    150,         1.7129
    151,         2.9438
    152,         2.0256
    153,         1.8509
    154,         0.9854
    155,        -2.2088
    156,       -13.3861
    157,       -22.1486
    158,       -25.5956
    159,       -30.2276
    160,       -33.0389
    161,       -35.7757
    162,       -38.0546
    163,       -40.2114
    164,       -39.1392
    165,       -25.1193
    166,         0.8691
    167,         1.9654
    168,         1.5247
    169,         1.0353
    170,         0.7632
    171,         0.2540
    172,        -3.9890
    173,        -3.5908
    174,         0.1696
    175,         0.4639
    176,         0.3446
    177,        -1.4698
    178,       -10.7696
    179,       -13.5879
    180,       -15.0709
    181,       -15.8275
    182,       -17.7237
    183,       -19.9622
    184,       -20.8844
    185,       -23.6660
    186,       -28.3796
    187,       -27.2142
    188,       -29.3926
    189,       -29.5788
    190,       -30.7986
    191,       -32.7311
    192,       -32.8069
    193,       -33.7090
    194,       -35.8681
    195,       -36.8390
    196,       -37.9649
    197,       -38.6679
    198,       -39.9612
    199,       -40.0990
    200,       -26.4738
    201,         0.2794
    202,        -0.4598
    203,        -4.6328
    204,       -10.1303
    205,       -16.0563
    206,       -19.8766
    207,       -13.6801
    208,       -17.7234
    209,       -21.3119
    210,       -23.2377
    211,       -24.9507
    212,       -24.0608
    213,       -20.0682
    214,         1.0165
    215,         0.8984
    216,         4.0477
    217,         4.4618
    218,         3.0179
    219,         7.0716
    220,         8.5576
    221,        14.7601
    222,        18.2820
    223,        17.1642
    224,        16.6701
    225,        15.9712
    226,        13.6073
    227,        13.0228
    228,        21.8582
    229,        19.6283
    230,        16.6862
    231,        13.4730
    232,        11.3959
    233,         9.5641
    234,         7.5519
    235,         7.6762
    236,        16.1121
    237,        26.5108
    238,        27.5786
    239,        28.4355
    240,        31.7054
    241,        27.9960
    242,        23.7134
    243,        19.6984
    244,        17.8496
    245,        17.3456
    246,        15.7237
    247,        17.5825
    248,        15.3585
    249,        12.7288
    250,         9.3447
    251,         6.2846
    252,         3.5406
    253,         5.1571
    254,         7.2943
    255,        16.6796
    256,        23.8866
    257,        34.5930
    258,        35.4887
    259,        30.1674
    260,        24.6703
    261,        19.8917
    262,        16.4221
    263,        13.4282
    264,        15.1466
    265,        15.3451
    266,        16.4679
    267,        14.5869
    268,        14.5835
    269,        33.6516
    270,        29.7194
    271,        26.5613
    272,        21.1680
    273,        16.6344
    274,        12.5644
    275,        11.9775
    276,        13.2213
    277,        14.8912
    278,        11.8230
    279,         8.4057
    280,         6.3347
    281,         6.6030
    282,         4.2795
    283,         1.8613
    284,       -11.9035
    285,       -33.6035
    286,       -23.9045
    287,         3.4263
    288,        -1.7026
    289,        -2.4077
    290,       -26.3309
    291,        -5.2958
    292,         5.1137
    293,         2.6084
    294,         3.5202
    295,         1.1237
    296,       -14.5698
    297,       -10.0403
    298,         1.4900
    299,         1.5101
    300,       -16.6785
    301,       -36.3407
    302,       -45.7284
    303,       -54.7733
    304,       -63.7774
    305,       -70.5459
    306,       -76.8129
    307,       -81.4278
    308,       -83.0491
    309,       -85.7589
    310,       -90.7188
    311,       -95.8580
    312,      -101.3274
    313,      -108.4198
    314,      -104.4907
    315,      -106.2427
    316,       -98.3292
    317,      -103.2422
    318,      -109.6398
    319,      -116.9377
    320,      -125.4319
    321,      -133.1613
    322,      -131.6755
    323,      -114.2464
    324,      -106.6280
    325,       -98.5573
    326,       -96.9742
    327,       -98.9511
    328,      -102.4606
    329,       -92.7322
    330,       -89.2130
    331,       -87.7977
    332,       -79.2591
    333,       -73.6125
    334,       -71.7891
    335,       -67.9120
    336,       -69.9460
    337,       -71.0707
    338,       -68.6214
    339,       -61.6345
    340,       -44.9527
    341,         4.6629
    342,         4.7256
    343,         3.9593
    344,         3.0093
    345,         2.7627
    346,         2.8416
    347,         2.6166
    348,         2.0449
    349,         1.5354
    350,         1.1051
    351,         3.1552
    352,         4.9304
    353,         4.3128
    354,         3.5888
    355,         3.0837
    356,         2.5208
    357,         1.9621
    358,         1.9889
    359,         2.0971
    360,         1.9715
    361,         1.8113
    362,         1.3297
    363,         1.0034
    364,         0.5314
    365,        -1.5581
    366,        -9.7725
    367,       -16.0275
    368,       -18.7073
    369,       -22.5887
    370,       -26.1866
    371,        -4.4809
    372,        11.8177
    373,        10.5786
    374,         9.3101
    375,         8.1466
    376,         7.2507
    377,         6.4371
    378,         5.5530
    379,         4.8290
    380,         4.0366
    381,         3.5200
    382,         3.1663
    383,         2.6643
    384,         2.1496
    385,         1.6502
    386,         1.1977
    387,         0.8754
    388,         0.4806
    389,         0.1829
    390,        -7.2011
    391,       -13.4163
    392,       -17.9307
    393,       -22.4033
    394,       -21.7736
    395,       -22.8419
    396,       -26.3243
    397,       -30.4271
    398,       -32.5256
    399,       -34.8114
    400,       -28.3138
    401,       -21.0530
    402,        -5.7881
    403,        -2.2366
    404,       -15.7643
    405,       -22.3520
    406,       -28.1287
    407,       -33.6756
    408,       -37.6768
    409,       -42.0304
    410,       -43.0063
    411,       -37.6409
    412,       -39.8611
    413,       -44.4981
    414,       -26.2663
    415,         3.5613
    416,         2.8816
    417,         3.6676
    418,         4.4277
    419,         6.7909
    420,         7.6197
    421,        10.2179
    422,        10.4051
    423,         7.9160
    424,         5.3064
    425,        13.7728
    426,        30.3748
    427,        33.8240
    428,        30.7312
    429,        25.7618
    430,        20.2354
    431,        15.3647
    432,        11.1828
    433,         8.1413
    434,         3.1865
    435,         2.1099
    436,        11.7067
    437,        14.1307
    438,        11.0157
    439,         8.3213
    440,         6.8541
    441,        13.6351
    442,        13.4045
    443,        10.7508
    444,        14.1909
    445,        12.6314
    446,        13.4235
    447,        12.2047
    448,         8.9565
    449,         7.7120
    450,         8.6508
    451,         6.7373
    452,        14.6325
    453,        13.3877
    454,        10.5183
    455,        13.5453
    456,        15.5485
    457,        11.8490
    458,         8.4026
    459,         5.5494
    460,         9.2006
    461,        13.5846
    462,        11.6856
    463,         9.6949
    464,        11.3952
    465,        11.7881
    466,        18.9222
    467,        14.7876
    468,        11.5148
    469,         9.8106
    470,         9.3249
    471,         6.9051
    472,         4.5081
    473,         1.9321
    474,         1.5383
    475,         8.2945
    476,         6.7831
    477,         4.3413
    478,         1.9658
    479,        -9.9860
    480,       -33.0161
    481,       -46.1614
    482,       -51.6909
    483,       -54.2786
    484,       -62.4700
    485,       -64.2471
    486,       -45.0359
    487,         8.2790
    488,        12.1245
    489,         9.3280
    490,         6.3345
    491,         3.7665
    492,         5.3038
    493,         4.9159
    494,         3.1851
    495,         2.0823
    496,         0.6192
    497,         1.2356
    498,        -1.5833
    499,       -20.6716
    500,       -34.3224
    501,       -24.4620
    502,         1.0597
    503,       -11.7120
    504,       -19.7443
    505,         8.3263
    506,        13.2611
    507,        10.3443
    508,        10.8902
    509,        12.5007
    510,        20.7778
    511,        19.1180
    512,        17.0725
    513,        16.2618
    514,        14.1608
    515,        12.3541
    516,        10.8149
    517,         9.3365
    518,         8.6904
    519,         7.5463
    520,         7.5113
    521,         6.8983
    522,         5.9722
    523,         7.6171
    524,         7.3033
    525,         6.2563
    526,         5.7390
    527,         5.5275
    528,         4.7762
    529,         4.1212
    530,         3.4978
    531,         2.9807
    532,         2.6361
    533,         3.3286
    534,         3.2475
    535,         2.8901
    536,         2.6888
    537,         2.4555
    538,         2.1746
    539,         1.8797
    540,         1.6368
    541,         1.4213
    542,         1.1662
    543,         0.9991
    544,         0.8694
    545,         0.8048
    546,         0.6197
    547,         0.3819
    548,         0.3566
    549,         0.2904
    550,         0.1392
    551,        -0.4181
    552,        -5.2738
    553,        -8.5953
    554,        -9.6699
    555,        -0.4816
    556,        -5.5642
    557,        -9.7957
    558,       -13.4115
    559,       -14.9894
    560,       -16.4090
    561,       -18.6010
    562,       -19.7336
    563,       -21.5078
    564,       -23.3348
    565,       -24.9103
    566,       -26.4777
    567,       -27.7528
    568,       -29.3980
    569,       -30.7530
    570,       -32.3114
    571,       -33.6302
    572,       -35.0111
    573,        -8.7818
    574,         3.6801
    575,         3.2159
    576,         2.4841
    577,         1.8410
    578,         1.2711
    579,         0.7598
    580,        -0.5943
    581,       -12.6504
    582,       -20.4160
    583,       -28.7908
    584,       -33.0333
    585,       -35.9505
    586,       -38.2781
    587,       -39.7858
    588,       -39.0226
    589,       -30.5386
    590,       -34.0815
    591,       -37.5658
    592,       -40.9954
    593,       -40.6381
    594,       -11.8791
    595,       -22.5953
    596,       -32.3815
    597,        -5.5975
    598,        -6.9306
    599,         8.3274
    600,        13.9810
    601,        11.3532
    602,         8.8182
    603,        10.4752
    604,        14.7890
    605,        20.3763
    606,        23.7904
    607,        20.6448
    608,        19.0443
    609,        18.4245
    610,        15.5591
    611,        12.6952
    612,        12.2189
    613,        21.2402
    614,        22.7872
    615,        28.1206
    616,        23.8743
    617,        19.2475
    618,        17.2944
    619,        15.0077
    620,        11.1077
    621,         7.9522
    622,         5.0884
    623,         2.7478
    624,        12.2551
    625,        20.5800
    626,        19.5548
    627,        22.2491
    628,        18.0012
    629,        15.0297
    630,        28.7008
    631,        32.6236
    632,        40.8899
    633,        35.0354
    634,        36.9525
    635,        31.3964
    636,        28.6916
    637,        25.0330
    638,        40.8962
    639,        40.5033
    640,        34.9501
    641,        29.0052
    642,        25.1034
    643,        22.6630
    644,        19.9731
    645,        17.7530
    646,        17.9368
    647,        14.5956
    648,        10.8582
    649,         7.6498
    650,         7.7102
    651,         5.0969
    652,         5.1618
    653,         4.3491
    654,         2.1450
    655,       -11.4874
    656,       -31.7905
    657,       -45.0486
    658,       -55.8026
    659,       -59.3193
    660,       -37.8708
    661,       -47.1601
    662,       -56.2078
    663,       -52.3641
    664,        11.8563
    665,         9.6972
    666,         9.9624
    667,        12.5878
    668,         9.8289
    669,        16.4593
    670,        15.5761
    671,        13.5354
    672,        15.4983
    673,        12.8956
    674,        10.1556
    675,        14.1181
    676,        11.6690
    677,         9.6197
    678,         7.2737
    679,         5.5560
    680,         8.6590
    681,         8.7482
    682,         6.6306
    683,         4.8394
    684,         3.8685
    685,         3.4122
    686,         4.0204
    687,         6.4821
    688,         4.9732
    689,         3.7202
    690,         2.6030
    691,         3.3863
    692,         5.2295
    693,         3.6155
    694,         2.5230
    695,         1.5347
    696,         1.3570
    697,         0.8593
    698,        -7.9305
    699,         5.3285
    700,         5.0687
    701,         3.8920
    702,         3.0923
    703,         2.6937
    704,         3.3711
    705,         3.2321
    706,         2.4662
    707,         1.8751
    708,         1.3241
    709,         0.8703
    710,         0.5622
    711,        -3.9381
    712,        -6.7779
    713,       -10.1679
    714,        -8.8871
    715,       -15.9231
    716,       -16.7952
    717,       -20.7942
    718,       -24.8953
    719,       -28.1350
    720,       -28.6004
    721,       -27.7623
    722,       -16.2966
    723,         0.0564
    724,         1.2417
    725,         1.0502
    726,         1.8362
    727,         5.7076
    728,         5.4251
    729,         4.8181
    730,         4.2729
    731,         3.7786
    732,         3.3508
    733,         2.9606
    734,         2.5859
    735,         2.2725
    736,         1.9477
    737,         1.6605
    738,         1.4494
    739,         1.2822
    740,         1.1179
    741,         0.9889
    742,         0.8933
    743,         0.7361
    744,         0.5863
    745,         0.4621
    746,         0.3763
    747,         0.2577
    748,        -2.2211
    749,        -9.2786
    750,       -12.3762
    751,       -15.4662
    752,       -18.8043
    753,        -2.4494
    754,         9.3497
    755,         8.5666
    756,         7.4412
    757,         6.3592
    758,         5.4014
    759,         4.6073
    760,         3.8169
    761,         2.9915
    762,         2.3478
    763,         1.7257
    764,         1.8089
    765,         1.3223
    766,         0.7673
    767,         0.5891
    768,        -9.1846
    769,        -3.3058
    770,        -7.2628
    771,        -1.9040
    772,       -15.1082
    773,       -25.1931
    774,       -32.1141
    775,       -38.8492
    776,       -41.9193
    777,       -34.8511
    778,       -26.0416
    779,       -33.4978
    780,       -41.5349
    781,         4.9804
    782,        21.0435
    783,        18.7232
    784,        19.0995
    785,        18.6277
    786,        15.7079
    787,        15.6351
    788,        17.6211
    789,        17.7543
    790,        21.7692
    791,        27.5818
    792,        26.8290
    793,        24.1808
    794,        23.9572
    795,        20.1647
    796,        17.3579
    797,        14.1368
    798,        11.9600
    799,         8.6384
    800,         5.4306
    801,         5.0408
    802,        12.4686
    803,        11.5308
    804,         8.6889
    805,        11.6551
    806,        12.6790
    807,        13.1579
    808,        10.3892
    809,         7.3426
    810,         6.0897
    811,         4.0956
    812,         1.8519
    813,        -7.5144
    814,        -1.2769
    815,         4.4713
    816,         6.3940
    817,        10.8921
    818,        18.6143
    819,        15.6463
    820,        32.5766
    821,        30.4728
    822,        26.4042
    823,        22.0009
    824,        17.6981
    825,        13.4886
    826,        11.5550
    827,         8.7020
    828,         5.8290
    829,         4.8776
    830,         3.5917
    831,        32.6944
    832,        37.7763
    833,        37.7747
    834,        32.2639
    835,        29.9709
    836,        24.5789
    837,        19.7680
    838,        33.1525
    839,        29.0487
    840,        31.3303
    841,        26.8349
    842,        22.1990
    843,        25.4061
    844,        20.8341
    845,        19.1290
    846,        16.1866
    847,        12.7413
    848,         9.4185
    849,         6.5434
    850,         3.8661
    851,         1.6676
    852,        -9.1074
    853,       -22.5736
    854,       -34.3805
    855,       -43.2681
    856,       -52.2589
    857,       -60.4666
    858,       -67.9446
    859,       -72.7230
    860,       -76.1639
    861,       -77.4560
    862,       -71.2345
    863,       -58.4593
    864,       -59.7510
    865,       -63.6700
    866,       -68.9329
    867,       -71.2223
    868,       -74.5167
    869,       -79.6407
    870,       -85.0844
    871,       -77.6351
    872,       -68.4219
    873,       -67.4850
    874,        -6.8315
    875,       -16.6220
    876,       -17.3676
    877,       -14.9747
    878,       -25.1854
    879,         0.6571
    880,         0.8655
    881,         2.8637
    882,         2.5813
    883,         1.9403
    884,         1.5566
    885,         0.4980
    886,        -6.0748
    887,       -17.7821
    888,       -23.4892
    889,       -27.7113
    890,       -31.3555
    891,       -33.8168
    892,       -36.6633
    893,       -38.7371
    894,       -29.8595
    895,       -23.2732
    896,        -1.8408
    897,         1.8808
    898,         2.0366
    899,         1.6817
    900,         1.3687
    901,         1.0602
    902,         0.7805
    903,         0.7616
    904,         0.5369
    905,         0.6262
    906,         0.6058
    907,         0.5116
    908,         0.3563
    909,         0.1522
    910,        -1.4083
    911,         0.0993
    912,        -6.5497
    913,       -11.1980
    914,       -13.9819
    915,       -16.8952
    916,       -21.0961
    917,       -23.6271
    918,       -26.3446
    919,       -28.6262
    920,       -29.5644
    921,       -28.2217
    922,       -28.0382
    923,       -28.8398
    924,       -30.2041
    925,       -31.3115
    926,       -32.4298
    927,       -33.4846
    928,       -34.6383
    929,       -35.8601
    930,       -31.1283
    931,        -5.6984
    932,         1.1414
    933,         0.8222
    934,         0.5389
    935,         0.2724
    936,        -5.4718
    937,        -8.0102
    938,        -1.2068
    939,       -11.3193
    940,       -14.2940
    941,       -17.6258
    942,       -20.3944
    943,       -18.0915
    944,        -4.3859
    945,         1.9180
    946,         1.4702
    947,         0.9758
    948,        -0.0865
    949,        -6.4302
    950,         4.1020
    951,        11.7286
    952,        21.0445
    953,        21.3217
    954,        19.3799
    955,        19.7967
    956,        17.0537
    957,        14.4007
    958,        19.4586
    959,        22.4382
    960,        19.1735
    961,        15.7829
    962,        12.8631
    963,        11.0237
    964,         9.0280
    965,         7.0463
    966,        10.5285
    967,        22.3695
    968,        29.3097
    969,        26.3856
    970,        32.2998
    971,        29.9105
    972,        30.0841
    973,        28.7563
    974,        24.8851
    975,        23.3665
    976,        21.1283
    977,        21.3336
    978,        20.8473
    979,        17.4586
    980,        14.3453
    981,        10.5644
    982,         7.5091
    983,         5.0998
    984,         9.5275
    985,        10.5944
    986,        25.2225
    987,        27.9106
    988,        38.8949
    989,        34.0217
    990,        28.2310
    991,        22.9636
    992,        18.6753
    993,        15.4712
    994,        12.8755
    995,        17.5960
    996,        15.8477
    997,        16.2256
    998,        13.7975
    999,        25.8219
   1000,        32.1367
   1001,        28.8691
   1002,        24.2235
   1003,        19.1312
   1004,        14.7082
   1005,        11.1552
   1006,        12.6868
   1007,        13.7635
   1008,        13.4675
   1009,         9.6897
   1010,         6.3808
   1011,         6.3420
   1012,         4.9005
   1013,         2.6087
   1014,        -3.6243
   1015,       -29.0086
   1016,       -43.0687
   1017,        -1.1833
   1018,         1.7040
   1019,        -3.5231
   1020,       -16.4024
   1021,       -25.9112
   1022,         6.1081
   1023,         3.6282
   1024,         3.1450
   1025,         2.4285
   1026,        -2.3556
   1027,       -20.2178
   1028,         2.1819
   1029,         2.2381
   1030,        -1.1912
   1031,       -23.6224
   1032,       -39.5062
   1033,       -48.4807
   1034,       -57.8501
   1035,       -65.6820
   1036,       -72.4344
   1037,       -77.8995
   1038,       -80.7544
   1039,       -82.5695
   1040,       -86.2748
   1041,       -91.4078
   1042,       -96.0300
   1043,      -101.2449
   1044,      -101.6719
   1045,      -101.5030
   1046,       -98.6127
   1047,       -97.2444
   1048,      -101.7301
   1049,      -108.1040
   1050,      -115.9810
   1051,      -124.1074
   1052,      -130.6755
   1053,      -114.4934
   1054,      -108.4583
   1055,       -97.6200
   1056,       -94.1356
   1057,       -95.3702
   1058,       -97.6532
   1059,       -96.0414
   1060,       -86.0292
   1061,       -87.2112
   1062,       -79.5217
   1063,       -72.5052
   1064,       -69.7376
   1065,       -65.1842
   1066,       -65.4415
   1067,       -67.1111
   1068,       -68.3243
   1069,       -59.7621
   1070,       -58.9843
   1071,       -12.0406
   1072,         3.7606
   1073,         2.9512
   1074,         2.1274
   1075,         1.3843
   1076,         0.8139
   1077,         0.5246
   1078,         0.2307
   1079,        -6.4970
   1080,       -14.8078
   1081,       -15.6396
   1082,         3.1708
   1083,         3.1704
   1084,         2.6348
   1085,         2.2667
   1086,         2.0869
   1087,         1.7423
   1088,         1.4179
   1089,         1.3389
   1090,         1.2030
   1091,         1.0672
   1092,         0.9587
   1093,         0.8434
   1094,         0.7517
   1095,         0.5394
   1096,         0.3933
   1097,         0.2923
   1098,         0.1437
   1099,        -5.2726
   1100,        -2.4855
   1101,         1.0699
   1102,        11.5809
   1103,        12.5656
   1104,        11.1052
   1105,         9.7888
   1106,         8.6438
   1107,         7.6569
   1108,         6.7701
   1109,         5.9611
   1110,         5.1605
   1111,         4.5314
   1112,         4.0098
   1113,         3.5096
   1114,         3.0446
   1115,         2.6304
   1116,         2.2208
   1117,         1.9297
   1118,         1.6124
   1119,         1.2786
   1120,         1.0015
   1121,         0.7627
   1122,         0.5628
   1123,         0.2919
   1124,         1.2777
   1125,         4.0517
   1126,         4.2976
   1127,         3.4646
   1128,         2.7282
   1129,         2.2532
   1130,         2.2720
   1131,         3.2565
   1132,         2.7090
   1133,         4.0320
   1134,         4.0874
   1135,         3.3969
   1136,         2.7755
   1137,         2.0168
   1138,         1.3331
   1139,         0.6713
   1140,        -9.9101
   1141,        -1.1485
   1142,         0.3624
   1143,       -11.1403
   1144,       -18.2005
   1145,         5.0682
   1146,         7.1764
   1147,         6.5866
   1148,         7.7550
   1149,        10.4023
   1150,        10.8630
   1151,        13.4549
   1152,        14.4824
   1153,        13.1620
   1154,        10.8403
   1155,         8.0216
   1156,        17.7348
   1157,        38.6009
   1158,        46.0126
   1159,        42.2865
   1160,        38.9153
   1161,        35.4123
   1162,        30.4135
   1163,        26.6091
   1164,        22.8498
   1165,        18.5757
   1166,        20.2399
   1167,        27.3158
   1168,        23.7122
   1169,        19.4526
   1170,        15.6561
   1171,        17.0061
   1172,        20.3315
   1173,        17.3875
   1174,        16.3687
   1175,        17.6248
   1176,        15.2017
   1177,        16.2227
   1178,        12.4260
   1179,         9.6710
   1180,         9.7842
   1181,         8.4382
   1182,        11.7988
   1183,        14.9995
   1184,        12.3928
   1185,        11.9361
   1186,        15.5716
   1187,        13.7382
   1188,         9.8788
   1189,         6.4266
   1190,         5.4129
   1191,        12.0678
   1192,        12.9622
   1193,         9.5546
   1194,        10.3597
   1195,         9.8621
   1196,        16.1686
   1197,        16.2222
   1198,        12.5923
   1199,         9.9773
   1200,         9.6294
   1201,         7.9523
   1202,         5.6556
   1203,         3.1800
   1204,        -0.1631
   1205,         8.1896
   1206,         7.8703
   1207,         5.7473
   1208,         3.3114
   1209,         0.8565
   1210,       -19.6550
   1211,       -38.0482
   1212,       -49.1878
   1213,       -49.7412
   1214,       -57.6829
   1215,       -64.3793
   1216,       -64.1757
   1217,        -8.7162
   1218,        10.5790
   1219,        10.7064
   1220,         7.7596
   1221,         4.9832
   1222,         4.1286
   1223,         5.4096
   1224,         4.2317
   1225,         2.5991
   1226,         1.3004
   1227,         0.7364
   1228,         1.0610
   1229,       -10.9527
   1230,       -28.7003
   1231,       -35.6719
   1232,        -6.5933
   1233,        -3.1020
   1234,       -17.8324
   1235,        -9.7201
   1236,        14.5475
   1237,        11.7142
   1238,         9.4163
   1239,        12.4850
   1240,        16.4997
   1241,        20.2666
   1242,        17.7823
   1243,        16.7338
   1244,        15.0295
   1245,        12.9970
   1246,        11.3938
   1247,         9.5790
   1248,         8.5356
   1249,         7.6742
   1250,         6.6140
   1251,         6.6251
   1252,         5.4599
   1253,         5.6934
   1254,         7.0267
   1255,         5.9056
   1256,         5.0170
   1257,         4.8900
   1258,         4.2421
   1259,         3.5873
   1260,         3.0559
   1261,         2.5288
   1262,         2.1391
   1263,         1.8486
   1264,         1.5221
   1265,         1.3294
   1266,         1.2068
   1267,         1.1749
   1268,         1.0483
   1269,         0.9219
   1270,         0.7593
   1271,         0.6480
   1272,         0.4700
   1273,         0.2923
   1274,         0.1579
   1275,         0.0853
   1276,        -4.1977
   1277,        -1.3412
   1278,         1.4872
   1279,         1.3636
   1280,         1.2131
   1281,         1.0363
   1282,         0.9339
   1283,         0.7866
   1284,         0.6023
   1285,         0.8476
   1286,         0.7980
   1287,         0.6152
   1288,         0.4081
   1289,         0.2591
   1290,         0.1479
   1291,        -4.2231
   1292,        -7.2889
   1293,        -9.9006
   1294,       -13.7709
   1295,       -16.2361
   1296,       -18.6217
   1297,       -20.4825
   1298,       -22.4335
   1299,       -24.4250
   1300,       -26.1723
   1301,       -27.9737
   1302,       -29.5452
   1303,       -31.3936
   1304,        -9.3522
   1305,         1.5655
   1306,         1.0664
   1307,         0.6001
   1308,         0.1364
   1309,        -8.6472
   1310,       -16.0213
   1311,       -21.7831
   1312,       -25.7177
   1313,        -5.3067
   1314,         1.3802
   1315,         0.4562
   1316,        -9.1717
   1317,       -19.6051
   1318,       -24.9762
   1319,        -9.7109
   1320,       -14.7132
   1321,       -23.7216
   1322,       -30.0574
   1323,       -36.6091
   1324,       -13.9259
   1325,         3.8951
   1326,         3.6424
   1327,         3.3394
   1328,         3.6640
   1329,         3.7808
   1330,         2.0296
   1331,         0.7669
   1332,       -15.1192
   1333,       -16.3178
   1334,         1.0280
   1335,         7.5503
   1336,        19.4674
   1337,        19.7429
   1338,        17.0144
   1339,        17.0569
   1340,        16.2609
   1341,        14.5586
   1342,        14.5858
   1343,        29.4408
   1344,        38.1643
   1345,        43.7638
   1346,        40.8472
   1347,        35.4853
   1348,        30.6325
   1349,        29.2697
   1350,        24.7541
   1351,        19.9633
   1352,        15.8104
   1353,        11.7759
   1354,        11.3770
   1355,        24.4195
   1356,        24.1955
   1357,        25.8164
   1358,        23.4870
   1359,        18.9402
   1360,        24.2203
   1361,        31.1988
   1362,        41.8515
   1363,        39.2519
   1364,        38.1145
   1365,        35.5405
   1366,        30.9447
   1367,        28.3690
   1368,        31.1646
   1369,        44.0593
   1370,        38.6882
   1371,        32.6080
   1372,        27.7619
   1373,        24.2212
   1374,        21.7792
   1375,        19.6807
   1376,        18.2380
   1377,        16.9618
   1378,        13.0670
   1379,         9.6204
   1380,         8.0403
   1381,         6.6725
   1382,         4.9065
   1383,         5.6126
   1384,         3.5521
   1385,         1.3528
   1386,       -17.7118
   1387,       -35.8397
   1388,       -47.8651
   1389,       -57.7942
   1390,       -40.7224
   1391,       -37.9960
   1392,       -47.6114
   1393,       -53.3347
   1394,       -14.1806
   1395,        11.7752
   1396,         9.4010
   1397,        13.1035
   1398,        11.7748
   1399,        12.9810
   1400,        16.8601
   1401,        14.9412
   1402,        14.6604
   1403,        14.8738
   1404,        11.5773
   1405,        12.5230
   1406,        13.0444
   1407,        10.6954
   1408,         8.5527
   1409,         6.2603
   1410,         6.0549
   1411,        10.0288
   1412,         7.5850
   1413,         5.8311
   1414,         3.9756
   1415,         3.9876
   1416,         3.2320
   1417,         5.7677
   1418,         5.6001
   1419,         4.1665
   1420,         2.9679
   1421,         1.7679
   1422,         5.2337
   1423,         4.1964
   1424,         2.9472
   1425,         1.7977
   1426,         0.9469
   1427,         1.3357
   1428,        -3.1062
   1429,        -3.9261
   1430,         5.4158
   1431,         4.2922
   1432,         3.0958
   1433,         2.7423
   1434,         2.4753
   1435,         3.3477
   1436,         2.5484
   1437,         1.8518
   1438,         1.3644
   1439,         0.8668
   1440,         0.4421
   1441,        -2.8690
   1442,        -3.7764
   1443,         0.5314
   1444,         0.3955
   1445,        -8.3408
   1446,       -12.9284
   1447,       -20.9765
   1448,       -26.6037
   1449,       -31.1903
   1450,       -33.2277
   1451,       -35.4638
   1452,       -29.3318
   1453,        -9.9579
   1454,         0.4537
   1455,        -2.7430
   1456,       -12.2843
   1457,        -0.5865
   1458,         4.5399
   1459,         4.1496
   1460,         3.7038
