      1,         0.5750
      2,         0.5750
      3,         0.5763
      4,         0.5763
      5,         0.5763
      6,         0.5763
      7,         0.5763
      8,         0.5763
      9,         0.5763
     10,         0.5763
     11,         0.5763
     12,         0.5763
     13,         0.5763
     14,         0.5763
     15,         0.5763
     16,         0.5763
     17,         0.5763
     18,         0.5763
     19,         0.5763
     20,         0.5763
     21,         0.5763
     22,         0.5763
     23,         0.6788
     24,         0.7350
     25,         0.6733
     26,         0.6733
     27,         0.6733
     28,         0.6733
     29,         0.6746
     30,         0.6771
     31,         0.6908
     32,         0.6908
     33,         0.6908
     34,         0.7071
     35,         0.7108
     36,         0.7121
     37,         0.7183
     38,         0.7183
     39,         0.6498
     40,         0.6498
     41,         0.5930
     42,         0.5930
     43,         0.5930
     44,         0.5930
     45,         0.5930
     46,         0.5930
     47,         0.5353
     48,         0.4967
     49,         0.4967
     50,         0.3982
     51,         0.0928
     52,         0.0000
     53,         0.0000
     54,         0.0562
     55,         0.0700
     56,         0.0725
     57,         0.0035
     58,         0.0000
     59,         0.0000
     60,         0.0000
     61,         0.0000
     62,         0.0000
     63,         0.0000
     64,         0.0000
     65,         0.0000
     66,         0.0000
     67,         0.0000
     68,         0.0000
     69,         0.0000
     70,         0.0000
     71,         0.0000
     72,         0.0000
     73,         0.0000
     74,         0.0000
     75,         0.0000
     76,         0.0000
     77,         0.0000
     78,         0.0000
     79,         0.0000
     80,         0.0000
     81,         0.0000
     82,         0.0000
     83,         0.0000
     84,         0.0000
     85,         0.0000
     86,         0.0000
     87,         0.0000
     88,         0.0000
     89,         0.0000
     90,         0.0000
     91,         0.0000
     92,         0.0000
     93,         0.0000
     94,         0.0000
     95,         0.0000
     96,         0.0000
     97,         0.0000
     98,         0.0000
     99,         0.0000
    100,         0.0000
    101,         0.0000
    102,         0.0000
    103,         0.0000
    104,         0.0000
    105,         0.0000
    106,         0.0000
    107,         0.0000
    108,         0.0000
    109,         0.0000
    110,         0.0000
    111,         0.0000
    112,         0.0000
    113,         0.0000
    114,         0.0000
    115,         0.0000
    116,         0.0000
    117,         0.0000
    118,         0.0000
    119,         0.0000
    120,         0.0000
    121,         0.0000
    122,         0.0000
    123,         0.0000
    124,         0.0000
    125,         0.0000
    126,         0.0000
    127,         0.0000
    128,         0.0000
    129,         0.0000
    130,         0.0000
    131,         0.0000
    132,         0.0000
    133,         0.0000
    134,         0.0000
    135,         0.0000
    136,         0.0000
    137,         0.0000
    138,         0.0000
    139,         0.0000
    140,         0.0000
    141,         0.0000
    142,         0.0000
    143,         0.0000
    144,         0.0000
    145,         0.0000
    146,         0.0000
    147,         0.0000
    148,         0.0000
    149,         0.0000
    150,         0.0000
    151,         0.0000
    152,         0.0000
    153,         0.0000
    154,         0.0000
    155,         0.0000
    156,         0.0000
    157,         0.0000
    158,         0.0012
    159,         0.0000
    160,         0.0000
    161,         0.0012
    162,         0.0012
    163,         0.0012
    164,         0.0263
    165,         0.0120
    166,         0.0000
    167,         0.0150
    168,         0.0200
    169,         0.0213
    170,         0.0213
    171,         0.0213
    172,         0.0213
    173,         0.0250
    174,         0.0388
    175,         0.0413
    176,         0.0425
    177,         0.0450
    178,         0.0450
    179,         0.0450
    180,         0.0450
    181,         0.0500
    182,         0.0500
    183,         0.0500
    184,         0.0500
    185,         0.0500
    186,         0.0512
    187,         0.0512
    188,         0.0550
    189,         0.0550
    190,         0.0550
    191,         0.0613
    192,         0.0613
    193,         0.0613
    194,         0.0613
    195,         0.0613
    196,         0.0613
    197,         0.0613
    198,         0.0613
    199,         0.0613
    200,         0.0712
    201,         0.1112
    202,         0.1187
    203,         0.1187
    204,         0.1212
    205,         0.1212
    206,         0.1212
    207,         0.1250
    208,         0.1325
    209,         0.1325
    210,         0.1325
    211,         0.1325
    212,         0.1337
    213,         0.1462
    214,         0.1700
    215,         0.1838
    216,         0.1850
    217,         0.2525
    218,         0.2550
    219,         0.2296
    220,         0.1877
    221,         0.0000
    222,         0.0000
    223,         0.0000
    224,         0.0000
    225,         0.0000
    226,         0.0000
    227,         0.0000
    228,         0.0000
    229,         0.0000
    230,         0.0000
    231,         0.0000
    232,         0.0000
    233,         0.0000
    234,         0.0000
    235,         0.0000
    236,         0.0000
    237,         0.0000
    238,         0.0000
    239,         0.0000
    240,         0.0000
    241,         0.0000
    242,         0.0000
    243,         0.0000
    244,         0.0000
    245,         0.0000
    246,         0.0000
    247,         0.0000
    248,         0.0000
    249,         0.0000
    250,         0.0000
    251,         0.0000
    252,         0.0000
    253,         0.0000
    254,         0.0000
    255,         0.0000
    256,         0.0000
    257,         0.0000
    258,         0.0000
    259,         0.0000
    260,         0.0000
    261,         0.0000
    262,         0.0000
    263,         0.0000
    264,         0.0000
    265,         0.0000
    266,         0.0000
    267,         0.0000
    268,         0.0000
    269,         0.0000
    270,         0.0000
    271,         0.0000
    272,         0.0000
    273,         0.0000
    274,         0.0000
    275,         0.0000
    276,         0.0000
    277,         0.0000
    278,         0.0000
    279,         0.0000
    280,         0.0000
    281,         0.0000
    282,         0.0000
    283,         0.0000
    284,         0.0000
    285,         0.0000
    286,         0.0000
    287,         0.0000
    288,         0.0000
    289,         0.0000
    290,         0.0000
    291,         0.0000
    292,         0.0000
    293,         0.0000
    294,         0.0000
    295,         0.0000
    296,         0.0000
    297,         0.0000
    298,         0.0000
    299,         0.0000
    300,         0.0000
    301,         0.0000
    302,         0.0000
    303,         0.0000
    304,         0.0000
    305,         0.0000
    306,         0.0000
    307,         0.0000
    308,         0.0000
    309,         0.0000
    310,         0.0000
    311,         0.0000
    312,         0.0000
    313,         0.0000
    314,         0.0000
    315,         0.0000
    316,         0.0000
    317,         0.0000
    318,         0.0000
    319,         0.0000
    320,         0.0000
    321,         0.0000
    322,         0.0000
    323,         0.0000
    324,         0.0000
    325,         0.0000
    326,         0.0000
    327,         0.0000
    328,         0.0000
    329,         0.0000
    330,         0.0000
    331,         0.0000
    332,         0.0000
    333,         0.0000
    334,         0.0100
    335,         0.0375
    336,         0.0375
    337,         0.0375
    338,         0.0388
    339,         0.0347
    340,         0.0233
    341,         0.0134
    342,         0.0172
    343,         0.0272
    344,         0.0272
    345,         0.0125
    346,         0.0056
    347,         0.0081
    348,         0.0081
    349,         0.0081
    350,         0.0081
    351,         0.0081
    352,         0.0038
    353,         0.0076
    354,         0.0076
    355,         0.0076
    356,         0.0076
    357,         0.0088
    358,         0.0088
    359,         0.0213
    360,         0.0213
    361,         0.0263
    362,         0.0263
    363,         0.0263
    364,         0.0263
    365,         0.0263
    366,         0.0273
    367,         0.0291
    368,         0.0304
    369,         0.0354
    370,         0.0479
    371,         0.0479
    372,         0.0446
    373,         0.0521
    374,         0.0532
    375,         0.0538
    376,         0.0538
    377,         0.0538
    378,         0.0538
    379,         0.0538
    380,         0.0538
    381,         0.0550
    382,         0.0550
    383,         0.0550
    384,         0.0550
    385,         0.0550
    386,         0.0550
    387,         0.0550
    388,         0.0550
    389,         0.0550
    390,         0.0550
    391,         0.0550
    392,         0.0550
    393,         0.0550
    394,         0.0800
    395,         0.1400
    396,         0.1450
    397,         0.1450
    398,         0.1450
    399,         0.1575
    400,         0.1813
    401,         0.2013
    402,         0.2113
    403,         0.2738
    404,         0.2738
    405,         0.2738
    406,         0.2738
    407,         0.2750
    408,         0.2750
    409,         0.2750
    410,         0.2750
    411,         0.2658
    412,         0.2708
    413,         0.2708
    414,         0.2708
    415,         0.2666
    416,         0.3141
    417,         0.3166
    418,         0.3553
    419,         0.4228
    420,         0.4186
    421,         0.4936
    422,         0.5424
    423,         0.5392
    424,         0.5360
    425,         0.2538
    426,         0.0000
    427,         0.0000
    428,         0.0000
    429,         0.0000
    430,         0.0000
    431,         0.0000
    432,         0.0000
    433,         0.0000
    434,         0.0000
    435,         0.0000
    436,         0.0000
    437,         0.0000
    438,         0.0000
    439,         0.0000
    440,         0.0000
    441,         0.0000
    442,         0.0000
    443,         0.0000
    444,         0.0000
    445,         0.0000
    446,         0.0000
    447,         0.0000
    448,         0.0000
    449,         0.0000
    450,         0.0000
    451,         0.0000
    452,         0.0000
    453,         0.0000
    454,         0.0000
    455,         0.0000
    456,         0.0000
    457,         0.0000
    458,         0.0000
    459,         0.0000
    460,         0.0000
    461,         0.0000
    462,         0.0000
    463,         0.0000
    464,         0.0000
    465,         0.0000
    466,         0.0000
    467,         0.0000
    468,         0.0000
    469,         0.0000
    470,         0.0000
    471,         0.0000
    472,         0.0000
    473,         0.0000
    474,         0.0000
    475,         0.0000
    476,         0.0000
    477,         0.0000
    478,         0.0000
    479,         0.0000
    480,         0.0000
    481,         0.0000
    482,         0.0000
    483,         0.0000
    484,         0.0000
    485,         0.0000
    486,         0.0000
    487,         0.0000
    488,         0.0000
    489,         0.0000
    490,         0.0000
    491,         0.0000
    492,         0.0000
    493,         0.0000
    494,         0.0000
    495,         0.0000
    496,         0.0000
    497,         0.0000
    498,         0.0000
    499,         0.0000
    500,         0.0000
    501,         0.0000
    502,         0.0000
    503,         0.0000
    504,         0.0000
    505,         0.0000
    506,         0.0000
    507,         0.0000
    508,         0.0000
    509,         0.0000
    510,         0.0000
    511,         0.0000
    512,         0.0000
    513,         0.0237
    514,         0.0275
    515,         0.0300
    516,         0.0247
    517,         0.0247
    518,         0.0322
    519,         0.0268
    520,         0.0233
    521,         0.0195
    522,         0.0195
    523,         0.0307
    524,         0.0645
    525,         0.0682
    526,         0.0649
    527,         0.0595
    528,         0.0607
    529,         0.0607
    530,         0.0607
    531,         0.0607
    532,         0.0607
    533,         0.0607
    534,         0.0807
    535,         0.0807
    536,         0.0807
    537,         0.0807
    538,         0.0807
    539,         0.0807
    540,         0.0807
    541,         0.0807
    542,         0.0807
    543,         0.0807
    544,         0.0807
    545,         0.0807
    546,         0.0807
    547,         0.1057
    548,         0.1057
    549,         0.1057
    550,         0.1057
    551,         0.1057
    552,         0.1057
    553,         0.1057
    554,         0.1057
    555,         0.1132
    556,         0.1132
    557,         0.1132
    558,         0.1132
    559,         0.1132
    560,         0.1132
    561,         0.1132
    562,         0.1132
    563,         0.1132
    564,         0.1132
    565,         0.1132
    566,         0.1132
    567,         0.1132
    568,         0.1132
    569,         0.1132
    570,         0.1132
    571,         0.1132
    572,         0.1132
    573,         0.1132
    574,         0.2220
    575,         0.2382
    576,         0.2382
    577,         0.2382
    578,         0.2382
    579,         0.2382
    580,         0.2382
    581,         0.2382
    582,         0.2382
    583,         0.2970
    584,         0.2945
    585,         0.2945
    586,         0.2945
    587,         0.2957
    588,         0.2970
    589,         0.3232
    590,         0.3270
    591,         0.3270
    592,         0.3282
    593,         0.3282
    594,         0.3239
    595,         0.4002
    596,         0.4002
    597,         0.3973
    598,         0.3927
    599,         0.1790
    600,         0.1751
    601,         0.1764
    602,         0.1764
    603,         0.1764
    604,         0.0000
    605,         0.0000
    606,         0.0000
    607,         0.0000
    608,         0.0000
    609,         0.0000
    610,         0.0000
    611,         0.0000
    612,         0.0000
    613,         0.0000
    614,         0.0000
    615,         0.0000
    616,         0.0000
    617,         0.0000
    618,         0.0000
    619,         0.0000
    620,         0.0000
    621,         0.0000
    622,         0.0000
    623,         0.0000
    624,         0.0000
    625,         0.0000
    626,         0.0000
    627,         0.0000
    628,         0.0000
    629,         0.0000
    630,         0.0000
    631,         0.0000
    632,         0.0000
    633,         0.0000
    634,         0.0000
    635,         0.0000
    636,         0.0000
    637,         0.0000
    638,         0.0000
    639,         0.0000
    640,         0.0000
    641,         0.0000
    642,         0.0000
    643,         0.0000
    644,         0.0000
    645,         0.0000
    646,         0.0000
    647,         0.0000
    648,         0.0000
    649,         0.0000
    650,         0.0000
    651,         0.0000
    652,         0.0000
    653,         0.0000
    654,         0.0000
    655,         0.0000
    656,         0.0000
    657,         0.0000
    658,         0.0000
    659,         0.0000
    660,         0.0000
    661,         0.0000
    662,         0.0000
    663,         0.0000
    664,         0.0000
    665,         0.0000
    666,         0.0000
    667,         0.0000
    668,         0.0000
    669,         0.0000
    670,         0.0000
    671,         0.0000
    672,         0.0000
    673,         0.0000
    674,         0.0000
    675,         0.0000
    676,         0.0000
    677,         0.0000
    678,         0.0000
    679,         0.0000
    680,         0.0000
    681,         0.0000
    682,         0.0000
    683,         0.0000
    684,         0.0000
    685,         0.0000
    686,         0.0000
    687,         0.0000
    688,         0.0000
    689,         0.0000
    690,         0.0000
    691,         0.0000
    692,         0.0000
    693,         0.0000
    694,         0.0000
    695,         0.0000
    696,         0.0000
    697,         0.0000
    698,         0.0000
    699,         0.0000
    700,         0.0000
    701,         0.0000
    702,         0.0000
    703,         0.0000
    704,         0.0000
    705,         0.0250
    706,         0.0250
    707,         0.0250
    708,         0.0263
    709,         0.0263
    710,         0.0263
    711,         0.0263
    712,         0.0388
    713,         0.0400
    714,         0.0400
    715,         0.0400
    716,         0.0400
    717,         0.0400
    718,         0.0463
    719,         0.0463
    720,         0.0463
    721,         0.0463
    722,         0.0625
    723,         0.0606
    724,         0.0656
    725,         0.0656
    726,         0.0656
    727,         0.1243
    728,         0.1232
    729,         0.1232
    730,         0.1232
    731,         0.1232
    732,         0.1232
    733,         0.1232
    734,         0.1245
    735,         0.1245
    736,         0.1245
    737,         0.1245
    738,         0.1245
    739,         0.1245
    740,         0.1245
    741,         0.1245
    742,         0.1245
    743,         0.1245
    744,         0.1245
    745,         0.1245
    746,         0.1245
    747,         0.1245
    748,         0.1245
    749,         0.1245
    750,         0.1245
    751,         0.1245
    752,         0.1245
    753,         0.1245
    754,         0.2532
    755,         0.2518
    756,         0.2518
    757,         0.2518
    758,         0.2518
    759,         0.2531
    760,         0.2531
    761,         0.2693
    762,         0.2693
    763,         0.2693
    764,         0.2731
    765,         0.2893
    766,         0.2893
    767,         0.2968
    768,         0.2968
    769,         0.2953
    770,         0.2942
    771,         0.3017
    772,         0.3005
    773,         0.3005
    774,         0.3005
    775,         0.3005
    776,         0.3005
    777,         0.2994
    778,         0.2976
    779,         0.2965
    780,         0.2949
    781,         0.0229
    782,         0.0000
    783,         0.0000
    784,         0.0000
    785,         0.0688
    786,         0.0700
    787,         0.0685
    788,         0.0664
    789,         0.0000
    790,         0.0000
    791,         0.0000
    792,         0.0000
    793,         0.0000
    794,         0.0000
    795,         0.0000
    796,         0.0000
    797,         0.0000
    798,         0.0000
    799,         0.0000
    800,         0.0000
    801,         0.0000
    802,         0.0000
    803,         0.0000
    804,         0.0000
    805,         0.0000
    806,         0.0000
    807,         0.0000
    808,         0.0000
    809,         0.0000
    810,         0.0000
    811,         0.0000
    812,         0.0000
    813,         0.0000
    814,         0.0000
    815,         0.0000
    816,         0.0000
    817,         0.0000
    818,         0.0000
    819,         0.0000
    820,         0.0000
    821,         0.0000
    822,         0.0000
    823,         0.0000
    824,         0.0000
    825,         0.0000
    826,         0.0000
    827,         0.0000
    828,         0.0000
    829,         0.0000
    830,         0.0000
    831,         0.0000
    832,         0.0000
    833,         0.0000
    834,         0.0000
    835,         0.0000
    836,         0.0000
    837,         0.0000
    838,         0.0000
    839,         0.0000
    840,         0.0000
    841,         0.0000
    842,         0.0000
    843,         0.0000
    844,         0.0000
    845,         0.0000
    846,         0.0000
    847,         0.0000
    848,         0.0000
    849,         0.0000
    850,         0.0000
    851,         0.0000
    852,         0.0000
    853,         0.0000
    854,         0.0000
    855,         0.0000
    856,         0.0000
    857,         0.0000
    858,         0.0000
    859,         0.0000
    860,         0.0000
    861,         0.0000
    862,         0.0000
    863,         0.0000
    864,         0.0000
    865,         0.0000
    866,         0.0000
    867,         0.0000
    868,         0.0000
    869,         0.0000
    870,         0.0000
    871,         0.0000
    872,         0.0000
    873,         0.0000
    874,         0.0000
    875,         0.0000
    876,         0.0000
    877,         0.0000
    878,         0.0000
    879,         0.0000
    880,         0.0000
    881,         0.0000
    882,         0.0000
    883,         0.0000
    884,         0.0000
    885,         0.0000
    886,         0.0000
    887,         0.0000
    888,         0.0000
    889,         0.0038
    890,         0.0021
    891,         0.0034
    892,         0.0034
    893,         0.0034
    894,         0.0034
    895,         0.0371
    896,         0.0357
    897,         0.0694
    898,         0.0894
    899,         0.0894
    900,         0.0907
    901,         0.0907
    902,         0.0907
    903,         0.0907
    904,         0.1082
    905,         0.1082
    906,         0.1119
    907,         0.1119
    908,         0.1144
    909,         0.1144
    910,         0.1144
    911,         0.1182
    912,         0.1194
    913,         0.1194
    914,         0.1194
    915,         0.1194
    916,         0.1207
    917,         0.1207
    918,         0.1244
    919,         0.1244
    920,         0.1244
    921,         0.1244
    922,         0.1307
    923,         0.1307
    924,         0.1307
    925,         0.1307
    926,         0.1307
    927,         0.1307
    928,         0.1307
    929,         0.1307
    930,         0.1332
    931,         0.1569
    932,         0.1857
    933,         0.1882
    934,         0.1907
    935,         0.1907
    936,         0.1907
    937,         0.1919
    938,         0.2019
    939,         0.2019
    940,         0.2019
    941,         0.2019
    942,         0.2032
    943,         0.2082
    944,         0.2157
    945,         0.2532
    946,         0.2544
    947,         0.3219
    948,         0.3219
    949,         0.3244
    950,         0.3225
    951,         0.0812
    952,         0.0000
    953,         0.0000
    954,         0.0000
    955,         0.0000
    956,         0.0000
    957,         0.0000
    958,         0.0000
    959,         0.0000
    960,         0.0000
    961,         0.0000
    962,         0.0000
    963,         0.0000
    964,         0.0000
    965,         0.0000
    966,         0.0000
    967,         0.0000
    968,         0.1037
    969,         0.1022
    970,         0.1008
    971,         0.0990
    972,         0.0000
    973,         0.0000
    974,         0.0000
    975,         0.0000
    976,         0.0000
    977,         0.0000
    978,         0.0000
    979,         0.0000
    980,         0.0000
    981,         0.0000
    982,         0.0000
    983,         0.0000
    984,         0.0000
    985,         0.0000
    986,         0.0000
    987,         0.0000
    988,         0.0000
    989,         0.0000
    990,         0.0000
    991,         0.0000
    992,         0.0000
    993,         0.0000
    994,         0.0000
    995,         0.0000
    996,         0.0000
    997,         0.0000
    998,         0.0000
    999,         0.0000
   1000,         0.0000
   1001,         0.0000
   1002,         0.0000
   1003,         0.0000
   1004,         0.0000
   1005,         0.0000
   1006,         0.0000
   1007,         0.0000
   1008,         0.0000
   1009,         0.0000
   1010,         0.0000
   1011,         0.0000
   1012,         0.0000
   1013,         0.0000
   1014,         0.0000
   1015,         0.0000
   1016,         0.0000
   1017,         0.0000
   1018,         0.0000
   1019,         0.0000
   1020,         0.0000
   1021,         0.0000
   1022,         0.0000
   1023,         0.0000
   1024,         0.0000
   1025,         0.0000
   1026,         0.0000
   1027,         0.0000
   1028,         0.0000
   1029,         0.0000
   1030,         0.0000
   1031,         0.0000
   1032,         0.0000
   1033,         0.0000
   1034,         0.0000
   1035,         0.0000
   1036,         0.0000
   1037,         0.0000
   1038,         0.0000
   1039,         0.0000
   1040,         0.0000
   1041,         0.0000
   1042,         0.0000
   1043,         0.0000
   1044,         0.0000
   1045,         0.0000
   1046,         0.0000
   1047,         0.0000
   1048,         0.0000
   1049,         0.0000
   1050,         0.0000
   1051,         0.0000
   1052,         0.0000
   1053,         0.0000
   1054,         0.0000
   1055,         0.0000
   1056,         0.0000
   1057,         0.0000
   1058,         0.0000
   1059,         0.0000
   1060,         0.0000
   1061,         0.0000
   1062,         0.0000
   1063,         0.0000
   1064,         0.0000
   1065,         0.0063
   1066,         0.0055
   1067,         0.0055
   1068,         0.0068
   1069,         0.0068
   1070,         0.0059
   1071,         0.0050
   1072,         0.0042
   1073,         0.0142
   1074,         0.0142
   1075,         0.0142
   1076,         0.0131
   1077,         0.0131
   1078,         0.0156
   1079,         0.0156
   1080,         0.0156
   1081,         0.0156
   1082,         0.0506
   1083,         0.0497
   1084,         0.0497
   1085,         0.0497
   1086,         0.0497
   1087,         0.0510
   1088,         0.0510
   1089,         0.0610
   1090,         0.0635
   1091,         0.0685
   1092,         0.0685
   1093,         0.0685
   1094,         0.0685
   1095,         0.0685
   1096,         0.0685
   1097,         0.0703
   1098,         0.0723
   1099,         0.0776
   1100,         0.0776
   1101,         0.0901
   1102,         0.1413
   1103,         0.2738
   1104,         0.2739
   1105,         0.2755
   1106,         0.2755
   1107,         0.2755
   1108,         0.2755
   1109,         0.2755
   1110,         0.2755
   1111,         0.2767
   1112,         0.2767
   1113,         0.2767
   1114,         0.2767
   1115,         0.2767
   1116,         0.2767
   1117,         0.2767
   1118,         0.2767
   1119,         0.2767
   1120,         0.2767
   1121,         0.2767
   1122,         0.2767
   1123,         0.2767
   1124,         0.2767
   1125,         0.3105
   1126,         0.3667
   1127,         0.3667
   1128,         0.3667
   1129,         0.3667
   1130,         0.3980
   1131,         0.4230
   1132,         0.4330
   1133,         0.4592
   1134,         0.4955
   1135,         0.4955
   1136,         0.4955
   1137,         0.4967
   1138,         0.4967
   1139,         0.4967
   1140,         0.4967
   1141,         0.4967
   1142,         0.4957
   1143,         0.4957
   1144,         0.4957
   1145,         0.5320
   1146,         0.5309
   1147,         0.5309
   1148,         0.5634
   1149,         0.5722
   1150,         0.5711
   1151,         0.5999
   1152,         0.6586
   1153,         0.6974
   1154,         0.6974
   1155,         0.6960
   1156,         0.3951
   1157,         0.0626
   1158,         0.0616
   1159,         0.0605
   1160,         0.0000
   1161,         0.0000
   1162,         0.0000
   1163,         0.0000
   1164,         0.0000
   1165,         0.0000
   1166,         0.0000
   1167,         0.0000
   1168,         0.0000
   1169,         0.0000
   1170,         0.0000
   1171,         0.0000
   1172,         0.0000
   1173,         0.0000
   1174,         0.0000
   1175,         0.0000
   1176,         0.0000
   1177,         0.0000
   1178,         0.0000
   1179,         0.0000
   1180,         0.0000
   1181,         0.0000
   1182,         0.0000
   1183,         0.0000
   1184,         0.0000
   1185,         0.0000
   1186,         0.0000
   1187,         0.0000
   1188,         0.0000
   1189,         0.0000
   1190,         0.0000
   1191,         0.0000
   1192,         0.0000
   1193,         0.0000
   1194,         0.0000
   1195,         0.0000
   1196,         0.0000
   1197,         0.0000
   1198,         0.0000
   1199,         0.0000
   1200,         0.0000
   1201,         0.0000
   1202,         0.0000
   1203,         0.0000
   1204,         0.0000
   1205,         0.0000
   1206,         0.0000
   1207,         0.0000
   1208,         0.0000
   1209,         0.0000
   1210,         0.0000
   1211,         0.0000
   1212,         0.0000
   1213,         0.0000
   1214,         0.0000
   1215,         0.0000
   1216,         0.0000
   1217,         0.0000
   1218,         0.0000
   1219,         0.0000
   1220,         0.0000
   1221,         0.0000
   1222,         0.0000
   1223,         0.0000
   1224,         0.0000
   1225,         0.0000
   1226,         0.0000
   1227,         0.0000
   1228,         0.0000
   1229,         0.0000
   1230,         0.0000
   1231,         0.0000
   1232,         0.0000
   1233,         0.0000
   1234,         0.0000
   1235,         0.0000
   1236,         0.0000
   1237,         0.0000
   1238,         0.0000
   1239,         0.0000
   1240,         0.0000
   1241,         0.0000
   1242,         0.0000
   1243,         0.0000
   1244,         0.0275
   1245,         0.0288
   1246,         0.0273
   1247,         0.0257
   1248,         0.0257
   1249,         0.0241
   1250,         0.0227
   1251,         0.0210
   1252,         0.0210
   1253,         0.0210
   1254,         0.0660
   1255,         0.0697
   1256,         0.0697
   1257,         0.0680
   1258,         0.0743
   1259,         0.0755
   1260,         0.0755
   1261,         0.0755
   1262,         0.0755
   1263,         0.0755
   1264,         0.0955
   1265,         0.0955
   1266,         0.0955
   1267,         0.0955
   1268,         0.0955
   1269,         0.0955
   1270,         0.0955
   1271,         0.0955
   1272,         0.0955
   1273,         0.0955
   1274,         0.0955
   1275,         0.0955
   1276,         0.0955
   1277,         0.0955
   1278,         0.1205
   1279,         0.1205
   1280,         0.1205
   1281,         0.1205
   1282,         0.1205
   1283,         0.1205
   1284,         0.1205
   1285,         0.1205
   1286,         0.1280
   1287,         0.1280
   1288,         0.1280
   1289,         0.1280
   1290,         0.1280
   1291,         0.1280
   1292,         0.1280
   1293,         0.1280
   1294,         0.1280
   1295,         0.1280
   1296,         0.1280
   1297,         0.1280
   1298,         0.1280
   1299,         0.1280
   1300,         0.1280
   1301,         0.1280
   1302,         0.1280
   1303,         0.1280
   1304,         0.1943
   1305,         0.2530
   1306,         0.2530
   1307,         0.2530
   1308,         0.2530
   1309,         0.2530
   1310,         0.2530
   1311,         0.2530
   1312,         0.2530
   1313,         0.2530
   1314,         0.2518
   1315,         0.2518
   1316,         0.2518
   1317,         0.2518
   1318,         0.2543
   1319,         0.2543
   1320,         0.2805
   1321,         0.2843
   1322,         0.2855
   1323,         0.2855
   1324,         0.2843
   1325,         0.3443
   1326,         0.4130
   1327,         0.4130
   1328,         0.4115
   1329,         0.4101
   1330,         0.4086
   1331,         0.4074
   1332,         0.4074
   1333,         0.4074
   1334,         0.4061
   1335,         0.1951
   1336,         0.1937
   1337,         0.1926
   1338,         0.1913
   1339,         0.1898
   1340,         0.1885
   1341,         0.1871
   1342,         0.1857
   1343,         0.0000
   1344,         0.0000
   1345,         0.0000
   1346,         0.0000
   1347,         0.0000
   1348,         0.0000
   1349,         0.0000
   1350,         0.0000
   1351,         0.0000
   1352,         0.0000
   1353,         0.0000
   1354,         0.0000
   1355,         0.0000
   1356,         0.0000
   1357,         0.0000
   1358,         0.0000
   1359,         0.0000
   1360,         0.0000
   1361,         0.0000
   1362,         0.0000
   1363,         0.0000
   1364,         0.0000
   1365,         0.0000
   1366,         0.0000
   1367,         0.0000
   1368,         0.0000
   1369,         0.0000
   1370,         0.0000
   1371,         0.0000
   1372,         0.0000
   1373,         0.0000
   1374,         0.0000
   1375,         0.0000
   1376,         0.0000
   1377,         0.0000
   1378,         0.0000
   1379,         0.0000
   1380,         0.0000
   1381,         0.0000
   1382,         0.0000
   1383,         0.0000
   1384,         0.0000
   1385,         0.0000
   1386,         0.0000
   1387,         0.0000
   1388,         0.0000
   1389,         0.0000
   1390,         0.0000
   1391,         0.0000
   1392,         0.0000
   1393,         0.0000
   1394,         0.0000
   1395,         0.0000
   1396,         0.0000
   1397,         0.0000
   1398,         0.0000
   1399,         0.0000
   1400,         0.0000
   1401,         0.0000
   1402,         0.0000
   1403,         0.0000
   1404,         0.0000
   1405,         0.0000
   1406,         0.0000
   1407,         0.0000
   1408,         0.0000
   1409,         0.0000
   1410,         0.0000
   1411,         0.0000
   1412,         0.0000
   1413,         0.0000
   1414,         0.0000
   1415,         0.0000
   1416,         0.0000
   1417,         0.0000
   1418,         0.0000
   1419,         0.0000
   1420,         0.0000
   1421,         0.0000
   1422,         0.0000
   1423,         0.0000
   1424,         0.0000
   1425,         0.0000
   1426,         0.0000
   1427,         0.0000
   1428,         0.0000
   1429,         0.0000
   1430,         0.0000
   1431,         0.0000
   1432,         0.0000
   1433,         0.0000
   1434,         0.0000
   1435,         0.0000
   1436,         0.0025
   1437,         0.0025
   1438,         0.0025
   1439,         0.0037
   1440,         0.0037
   1441,         0.0037
   1442,         0.0037
   1443,         0.0030
   1444,         0.0043
   1445,         0.0043
   1446,         0.0043
   1447,         0.0043
   1448,         0.0043
   1449,         0.0105
   1450,         0.0105
   1451,         0.0105
   1452,         0.0105
   1453,         0.0098
   1454,         0.0090
   1455,         0.0090
   1456,         0.0090
   1457,         0.0090
   1458,         0.0083
   1459,         0.0120
   1460,         0.0120
